OJ 287 Swift observations from the MOMO project, for the time interval plotted in Fig. 1 of the 2021 ApJ paper. 

MJD                   X-ray countrate uncertainty

  
57354.0711123762      2.339985e-01    2.107065e-02  
57358.9813973171      2.443292e-01    1.540744e-02  
57359.6173562442      2.640544e-01    1.454830e-02  
57360.6861565845      2.937894e-01    1.642739e-02  
57361.4770415775      3.575749e-01    1.923592e-02  
57362.2732811609      3.155173e-01    2.523982e-02  
57363.243287184      3.123629e-01    1.926395e-02  
57364.3353722801      3.118867e-01    1.605069e-02  
57365.4549261319      2.778697e-01    1.417296e-02  
57366.294501213      2.548613e-01    1.476051e-02  
57367.0296160428      2.749487e-01    1.644728e-02  
57369.3746020394      2.325892e-01    1.540807e-02  
57370.4210050301      2.330067e-01    1.612545e-02  
57371.2925086296      2.013146e-01    8.313028e-02  
57377.806617397      2.332333e-01    2.765859e-02  
57386.9133579306      1.783235e-01    1.722250e-02  
57388.7888212836      1.456518e-01    1.263937e-02  
57390.4189273912      1.689307e-01    1.111164e-02  
57392.4872376771      1.658741e-01    1.058676e-02  
57394.2783549618      1.523545e-01    1.723538e-02  
57396.9498566979      1.896639e-01    1.287226e-02  
57397.7370773958      1.814610e-01    1.146074e-02  
57400.3333718831      1.907807e-01    1.328044e-02  
57402.8568708299      1.598583e-01    1.638754e-02  
57404.0955596181      1.627455e-01    1.080099e-02  
57406.0611019873      1.728188e-01    1.383532e-02  
57408.4040311539      1.580050e-01    1.046171e-02  
57429.7562143449      2.179753e-01    1.281286e-02  
57432.237605081      1.885018e-01    1.248761e-02  
57435.5246911018      1.566090e-01    1.184514e-02  
57441.6423653125      1.567610e-01    1.267113e-02  
57444.266682831      1.591201e-01    1.709088e-02  
57447.2104623322      1.992292e-01    1.647972e-02  
57451.7830267824      1.310684e-01    2.510963e-02  
57453.9062794167      1.669761e-01    1.406962e-02  
57459.7054685799      1.813479e-01    1.529153e-02  
57462.1161196863      2.171402e-01    1.271600e-02  
57464.014254809      2.659134e-01    1.900992e-02  
57468.9008231701      2.089820e-01    1.398670e-02  
57471.9553767211      2.139798e-01    1.332322e-02  
57475.3086956551      2.910533e-01    2.720709e-02  
57501.0996388472      1.366076e-01    2.086326e-02  
57507.9426394699      1.385283e-01    1.356402e-02  
57514.5231044664      1.411264e-01    1.442014e-02  
57522.966218412      1.682524e-01    1.553019e-02  
57528.0134436447      1.397116e-01    1.439178e-02  
57535.2550852732      1.565471e-01    1.675955e-02  
57546.4224681979      1.769490e-01    1.610625e-02  
57552.9413425544      2.880838e-01    1.954785e-02  
57673.3566085683      1.013423e+00    4.086787e-02  
57676.3802873576      5.678614e-01    2.536110e-02  
57677.0801015822      7.885230e-01    3.249355e-02  
57678.4078969896      7.544719e-01    3.126682e-02  
57679.5648470602      7.978941e-01    2.290522e-02  
57680.7885934271      1.081874e+00    3.841052e-02  
57681.2261200475      9.729465e-01    2.907256e-02  
57682.0934198171      8.504839e-01    2.558402e-02  
57686.438906      0.4213408       0.02606108    
57687.564871      0.6117394       0.03112126    
57688.230635      0.6529609       0.04849177    
57689.4290896644      7.513870e-01    3.731456e-02  
57690.696571      0.5906727       0.02747011    
57691.747987      0.5831248       0.06837639    
57692.748052      0.4503235       0.03659375    
57694.608036      0.6955172       0.05034332    
57695.014405      0.5528522       0.02757031    
57696.141323      0.5265848       0.02689496    
57699.85764      0.4816474       0.04348563    
57700.071279      0.6059584       0.05727327    
57702.780832      0.4849688       0.03059619    
57703.846204      0.4256904       0.02823268    
57704.776558      0.5702105       0.02923894    
57705.8365737222      6.733922e-01    6.354232e-02  
57706.704818838      7.713321e-01    3.325769e-02  
57709.9637595359      1.235385e+00    3.742202e-02  
57713.884656          0.6544259       0.02905355    
57715.7418587894      6.981613e-01    3.041859e-02  
57717.8661713611      7.628579e-01    2.987164e-02  
57719.8655404954      1.102751e+00    3.879458e-02  
57721.0580273125      1.062634e+00    3.726350e-02  
57723.3231177199      9.366536e-01    3.422872e-02  
57725.3774335324      6.766543e-01    6.059048e-02  
57727.703271      0.4552266       0.0256139     
57729.563629      0.3296307       0.02266806    
57731.817739      0.3958348       0.02194164    
57733.549730      0.4127352       0.02538277    
57735.939342      0.3010312       0.02377693    
57741.252572      0.4011888       0.02789062    
57743.9768236852      8.158145e-01    3.111122e-02  
57745.773306603      7.943959e-01    4.248277e-02  
57751.6265848241      7.867878e-01    3.479251e-02  
57753.3458976725      7.480664e-01    3.412563e-02  
57755.019861088      1.011199e+00    3.630180e-02  
57757.9390509502      7.574438e-01    3.176857e-02  
57757.939219      -99      0.00    
57759.734749      0.5773643       0.03164683    
57763.793160      0.5691859       0.02812066    
57768.696340      0.2424075       0.038229      
57770.698176      0.3569657       0.02637442    
57775.349768      0.08406487      0.02571233    
57777.600830      0.3384509       0.02522918    
57779.994562      0.4881439       0.0938395     
57781.7814813681      6.738647e-01    3.041953e-02  
57783.3762881389      8.881432e-01    3.573652e-02  
57786.3698964039      1.526657e+00    3.058473e-02  
57787.3614115312      1.345211e+00    4.096746e-02  
57788.3603270532      1.205414e+00    4.104224e-02  
57789.4372470764      1.234006e+00    4.355204e-02  
57791.0813338831      1.378315e+00    4.653241e-02  
57792.4099576331      1.323430e+00    4.988759e-02  
57797.3681054826      1.246818e+00    3.902939e-02  
57799.188975691      1.081764e+00    4.032223e-02  
57799.5948795694      1.092585e+00    3.775640e-02  
57800.1852118495      1.068757e+00    3.827331e-02  
57801.2489268611      9.663008e-01    3.655023e-02  
57802.2476018495      8.095754e-01    3.032891e-02  
57803.3098446505      7.669814e-01    3.155917e-02  
57804.2410497211      6.972582e-01    2.868889e-02  
57805.3036133322      6.846070e-01    3.003792e-02  
57806.3003979039      7.702549e-01    3.377645e-02  
57807.296887441      8.723094e-01    4.025655e-02  
57808.4970003472      1.006145e+00    3.860405e-02  
57809.2903569792      8.347166e-01    3.235593e-02  
57810.2872968056      7.827753e-01    3.299928e-02  
57811.2954506597      6.037438e-01    3.281947e-02  
57814.3339924433      8.175153e-01    1.098192e-01  
57815.264786      0.6429908       0.1101241     
57816.4603730104      6.161341e-01    1.095166e-01  
57817.9325071655      7.201963e-01    6.745797e-02  
57818.7260811701      5.760285e-01    3.248795e-02  
57819.5195128611      7.589614e-01    3.748677e-02  
57823.2427522361      6.074936e-01    3.050760e-02  
57824.639115      0.4778875       0.040625      
57825.178977      0.3849652       0.02866971    
57827.107882      0.4858287       0.02745608    
57828.1728776759      5.574208e-01    3.050988e-02  
57829.152941      0.4514434       0.02728448    
57830.216404713      3.916529e-01    3.007013e-02  
57831.1461705926      5.641734e-01    2.857442e-02  
57832.143355662      4.701919e-01    3.240825e-02  
57833.1387407894      5.641994e-01    2.994491e-02  
57834.1357736019      4.105660e-01    2.949058e-02  
57835.198777          0.4859444       0.02657829    
57836.195283706      5.024401e-01    2.890469e-02  
57837.133491      0.3923116       0.02773263    
57838.187913      0.3341993       0.0255391     
57839.194753      0.4232252       0.02696387    
57840.220973      0.4262958       0.02493655    
57841.185901      0.2851983       0.02682248    
57843.237072      0.317088        0.02595743    
57845.627937      0.2551141       0.02544351    
57852.7168972697      3.992514e-01    2.006732e-02    
57859.413280      0.3255987       0.0263496        
57865.559523      0.2168369       0.03493064    
57867.090190      0.2309917       0.02384351    
57869.279411      0.1284241       0.02280493    
57871.4806848808      2.039754e-01    1.432469e-02  
57873.0702902743      2.392877e-01    1.561037e-02  
57877.9890724248      2.456809e-01    2.024030e-02  
57879.710719022      3.152490e-01    2.502957e-02  
57881.4425607917      3.053736e-01    2.055702e-02  
57883.0659072847      2.876565e-01    2.008944e-02  
57886.4962682315      4.020300e-01    2.752503e-02  
57887.0274670509      4.011591e-01    2.710162e-02  
57889.483322235      3.992566e-01    2.601347e-02  
57894.2252899873      4.302490e-01    2.935557e-02  
57897.0485327986      3.776543e-01    2.840722e-02  
57899.3751623576      2.977769e-01    2.347026e-02  
57901.5791051574      3.061126e-01    2.249416e-02  
57905.0246499815      3.553406e-01    2.739072e-02  
57906.3551363588      3.389127e-01    2.211052e-02  
57909.3477515417      2.746185e-01    1.841225e-02  
57911.2688770961      3.232886e-01    2.349403e-02  
57913.2615728935      3.597149e-01    2.424999e-02  
57915.0552205417      3.933007e-01    2.730260e-02  
57917.3869878773      2.899595e-01    1.957371e-02  
58033.1642124537      1.924584e-01    1.525154e-02  
58036.2549102488      1.787784e-01    1.563433e-02  
58042.8031270081      1.962244e-01    1.573245e-02  
58045.1286071088      2.169692e-01    1.926609e-02  
58048.1849727396      1.934620e-01    1.505227e-02  
58051.9620360197      2.247721e-01    1.613212e-02  
58054.3162875544      1.899018e-01    1.629454e-02  
58057.872820603      1.960130e-01    1.659342e-02  
58078.6050681319      1.948281e-01    2.304354e-02  
58084.1877625544      1.742559e-01    1.416585e-02  
58087.1002714607      2.416759e-01    1.903084e-02  
58090.2884419294      1.740202e-01    1.450603e-02  
58099.97868986      2.255810e-01    4.071463e-02  
58116.0102942581      1.957150e-01    2.039512e-02  
58117.3864386863      1.927066e-01    1.563055e-02  
58124.9043009155      2.152680e-01    1.757924e-02  
58130.3409637396      2.358202e-01    2.593773e-02  
58133.333629184      2.118504e-01    2.475136e-02  
58136.4542106447      3.012202e-01    3.010960e-02  
58139.4402604178      3.067165e-01    2.110609e-02  
58142.4384999942      3.732651e-01    2.951610e-02  
58146.347072765      3.911752e-01    3.180010e-02  
58155.1817725012      2.431278e-01    1.869535e-02  
58158.0686319502      2.459999e-01    1.927806e-02  
58161.7597037118      2.595292e-01    2.343918e-02  
58167.6132569387      2.370111e-01    1.789830e-02  
58171.7942502975      2.296513e-01    1.979387e-02  
58174.1784841227      1.697241e-01    2.421506e-02  
58180.6302399514      2.506893e-01    1.740933e-02  
58183.0261758484      2.478268e-01    2.201525e-02  
58186.4078375174      1.567324e-01    1.260567e-02  
58188.2008816354      1.642505e-01    1.572317e-02  
58189.862388331      1.825935e-01    1.459070e-02  
58191.2621467778      1.718208e-01    1.331226e-02  
58194.181109213      1.659602e-01    1.378373e-02  
58195.6442777488      2.003649e-01    1.497994e-02  
58197.2954638576      1.724590e-01    1.427880e-02  
58199.4834445567      1.495772e-01    1.220966e-02  
58205.9930431875      1.691202e-01    1.653954e-02  
58206.3979140984      1.614377e-01    1.294012e-02  
58209.7203366725      1.671627e-01    1.792590e-02  
58212.4497192569      1.272354e-01    2.041167e-02  
58215.6329549664      1.133590e-01    1.057857e-02  
58217.150729941      1.727200e-01    1.525185e-02  
58220.1406590648      2.156169e-01    1.797335e-02  
58221.1011501146      2.396946e-01    1.478510e-02  
58223.128966765      1.559298e-01    1.367895e-02  
58225.3227816204      1.584555e-01    7.545501e-02  
58226.5209176562      1.393344e-01    9.946304e-03  
58227.2843902488      1.623275e-01    1.025136e-02  
58228.6842426285      1.525231e-01    9.400467e-03  
58229.6389236319      1.384082e-01    9.040660e-03  
58233.925260184      1.593790e-01    8.782307e-03  
58234.7907315694      1.352571e-01    9.974400e-03  
58235.186139706      1.485965e-01    9.341802e-03  
58236.4449848866      1.540269e-01    9.350581e-03  
58237.1771424213      1.468188e-01    9.385674e-03  
58238.110442441      1.555609e-01    9.872902e-03  
58246.1085260301      1.803171e-01    1.286247e-02  
58249.0385196447      1.464823e-01    1.265167e-02  
58252.7465831285      2.302825e-01    2.327939e-02  
58255.4044859213      2.432870e-01    1.501231e-02  
58261.3814509155      2.808476e-01    2.243873e-02  
58264.5738407685      2.596778e-01    1.734338e-02  
58267.0350809363      2.370747e-01    1.685539e-02  
58270.4841860637      2.382203e-01    1.820683e-02  
58276.2671964086      2.231850e-01    1.398056e-02  
58280.2471869977      2.638389e-01    1.973272e-02  
58282.2447221771      2.283316e-01    1.491056e-02  
58387.5810214479      3.412978e-01    2.492384e-02  
58390.10622225      2.843745e-01    2.054656e-02  
58393.3142247836      3.305060e-01    2.198307e-02  
58397.8077861863      2.837434e-01    2.136138e-02  
58399.2560033819      3.423849e-01    2.658933e-02  
58402.775331941      3.161921e-01    2.051683e-02  
58405.1077806597      3.648149e-01    3.305682e-02  
58408.7571281887      3.971218e-01    2.793586e-02  
58411.8098630833      2.512886e-01    3.555479e-02  
58414.0074970914      3.378397e-01    2.281499e-02  
58417.8565137986      3.251818e-01    1.926424e-02  
58420.042565515      3.591932e-01    2.646822e-02  
58424.8305327384      3.805020e-01    3.357503e-02  
58426.6899223021      2.755499e-01    2.329828e-02  
58429.5436049502      2.003202e-01    2.450940e-02  
58433.4586907083      2.517462e-01    1.759799e-02  
58436.4472896887      2.725475e-01    2.209708e-02  
58446.9394224687      2.258901e-01    1.565599e-02  
58454.3127923322      2.169210e-01    1.795887e-02  
58458.4344166505      2.256861e-01    1.807004e-02  
58462.74620875      2.387495e-01    1.760978e-02  
58466.4620323773      2.614922e-01    2.023640e-02  
58468.5202283403      2.379248e-01    2.141768e-02  
58474.6979736134      2.566025e-01    1.943544e-02  
58479.8249325139      2.592613e-01    2.231061e-02  
58482.8014145012      3.305532e-01    2.236196e-02  
58486.8665285799      2.574716e-01    1.843881e-02  
58490.2410978484      2.470739e-01    1.775786e-02  
58494.0296841366      2.827606e-01    2.507021e-02  
58515.3429746829      2.213145e-01    1.735319e-02  
58524.310355147      2.504612e-01    1.918787e-02  
58534.6085837373      2.743532e-01    2.336108e-02  
58536.9339090058      1.927519e-01    1.657178e-02  
58538.7214676643      2.518159e-01    1.877986e-02  
58540.0810758646      2.641230e-01    1.663921e-02  
58541.9845052072      2.592778e-01    1.736900e-02  
58542.1151427766      2.581855e-01    1.663075e-02  
58544.4298518114      2.617368e-01    2.256442e-02  
58548.0908750602      3.143763e-01    2.416663e-02  
58551.2657169074      3.479070e-01    2.390535e-02  
58552.3377506412      2.969054e-01    2.140104e-02  
58554.9229009491      3.066537e-01    2.396585e-02  
58556.177410956      4.456410e-01    4.141129e-02  
58561.425572      2.776517e-01    2.226332e-02  
58569.2724905972      2.004956e-01    1.705159e-02  
58572.3473006042      2.566862e-01    1.847112e-02  
58577.0297466308      2.474989e-01    2.035854e-02  
58579.5940593576      2.201046e-01    2.297549e-02  
58581.7584704109      2.679552e-01    1.743152e-02  
58583.6161553079      2.495942e-01    2.019271e-02  
58585.2679790289      2.421038e-01    1.649210e-02  
58589.9942818715      1.959496e-01    1.562352e-02  
58591.6848436088      2.085133e-01    1.379780e-02  
58593.6408365255      1.976653e-01    1.665199e-02  
58595.3680243958      2.367949e-01    1.719749e-02  
58597.2860848426      2.672728e-01    1.897487e-02  
58599.8040885521      2.789600e-01    6.433869e-02  
58601.1485834653      2.316645e-01    1.975942e-02  
58603.8075334028      3.226842e-01    6.386294e-02  
58607.9207498495      2.040403e-01    2.118918e-02  
58618.6048363611      2.358116e-01    1.602748e-02  
58622.4606054595      2.602972e-01    1.673336e-02  
58624.9078447535      3.044123e-01    2.130635e-02  
58626.2402052222      2.745466e-01    2.204049e-02  
58628.4299911771      4.364480e-01    2.955016e-02  
58630.2909683819      3.637541e-01    2.668613e-02  
58632.0200593773      4.206981e-01    2.835103e-02  
58636.8954043831      4.735835e-01    2.856628e-02  
58638.5288484456      4.111934e-01    2.923756e-02  
58643.57338389      3.537332e-01    3.304738e-02  
58645.8988679525      3.216050e-01    2.302130e-02  
58647.9641219456      3.065754e-01    2.315331e-02  
58749.2178561887      1.696201e-01    1.316535e-02  
58753.6710600926      1.975893e-01    1.848989e-02  
58761.5742133067      1.777979e-01    1.397595e-02  
58765.2189329398      1.685898e-01    1.833969e-02  
58769.7964489502      1.466464e-01    1.266914e-02  
58773.585917397      1.524097e-01    1.622206e-02  
58776.6343616018      1.802569e-01    1.549728e-02  
58781.8849224607      1.227861e-01    1.924447e-02  
58785.6781865903      1.752657e-01    1.692436e-02  
58793.2540347153      2.492592e-01    5.620740e-02  
58797.9640843704      1.759270e-01    1.614758e-02  
58801.6801309988      2.073335e-01    2.605565e-02  
58813.2987993634      1.672771e-01    1.469950e-02  
58815.8767733241      1.393774e-01    1.384915e-02  
58819.4667778229      1.631895e-01    1.345230e-02  
58823.5830356076      1.290372e-01    1.271272e-02  
58825.7099189398      1.343461e-01    1.402989e-02  
58827.7619048982      1.472300e-01    1.484952e-02  
58829.4230263079      1.493554e-01    1.288273e-02  
58830.8890171701      1.764393e-01    1.423680e-02  
58837.86855314      1.590044e-01    1.753079e-02  
58845.1064887176      2.646216e-01    2.279322e-02  
58847.8282209653      2.173603e-01    1.646429e-02  
58849.0190076481      1.806813e-01    1.486787e-02  
58853.9270396169      2.277946e-01    1.818063e-02  
58854.8603372373      1.859989e-01    1.468230e-02  
58855.730536015      2.100828e-01    1.601604e-02  
58856.7135135891      1.995360e-01    1.583289e-02  
58858.5087897211      1.969011e-01    1.586934e-02  
58861.8934032303      1.891794e-01    1.401530e-02  
58862.49600114      1.825882e-01    1.477484e-02  
58869.3941277465      2.319395e-01    1.679632e-02  
58870.3202175845      2.012446e-01    2.581838e-02  
58871.9823828947      2.089089e-01    1.671029e-02  
58879.6828534873      2.360009e-01    1.822334e-02  
58883.4775445938      3.145804e-01    2.637646e-02  
58892.2690416562      2.201304e-01    1.610940e-02  
58894.7003798993      3.075664e-01    2.910132e-02  
58898.6896163299      3.444853e-01    2.766678e-02  
58900.274483059      3.112429e-01    2.350217e-02  
58902.0067477905      2.338827e-01    1.936396e-02  
58908.5189637604      1.975659e-01    1.738021e-02  
58910.2427838912      3.113388e-01    3.656296e-02  
58912.2313881481      2.150249e-01    1.590043e-02  
58918.9401336204      1.952808e-01    1.737569e-02  
58920.3873305741      2.778064e-01    2.314384e-02  
58945.2973852523      4.872771e-01    3.479338e-02  
58948.2851427546      6.007582e-01    8.213882e-02  
58951.0081869109      3.976276e-01    2.582189e-02  
58954.2603626076      5.390575e-01    2.711413e-02  
58957.6418253333      6.216439e-01    3.267645e-02  
58960.3013028773      7.624168e-01    4.070690e-02  
58961.3025946875      7.397294e-01    3.964919e-02  
58962.3516293333      7.527560e-01    3.902479e-02  
58965.6786217245      0.9328375       0.0392996     
58967.731697485      8.786496e-01    3.381913e-02  
58972.6546494294      8.495141e-01    5.841213e-02  
58973.5177567373      8.263422e-01    4.070149e-02  
58974.1810988322      8.602324e-01    4.295740e-02  
58976.1753554606      8.305788e-01    5.732695e-02  
58977.0271861597      6.714555e-01    3.871930e-02  
58978.0229930856      5.426981e-01    4.393971e-02  
58980.6848669306      7.748720e-01    6.009551e-02  
58982.6095330856      6.718989e-01    3.880755e-02  
58983.527730625      5.490849e-01    3.934347e-02  
58984.7602523067      5.095115e-01    2.574340e-02  
58985.590769603      5.219774e-01    3.338654e-02  
58986.9142664248      5.328519e-01    3.736136e-02  
58986.9841683461      5.253178e-01    3.380193e-02  
58990.3040459178      4.769784e-01    4.040971e-02  
58991.0380185729      5.795739e-01    3.424277e-02  
58992.3649539051      5.177280e-01    3.529040e-02  
58993.0898766481      4.966328e-01    3.608995e-02  
58994.2999484352      2.956550e-01    2.018503e-02  
58995.0908034282      2.684118e-01    2.027581e-02  
58998.9374218484      2.393112e-01    1.718091e-02  
58999.9290198854      2.351433e-01    1.685654e-02  
59000.1380288322      2.153474e-01    1.639006e-02  
59001.4575132627      2.988531e-01    2.576340e-02  
59002.1297147095      3.035589e-01    2.339075e-02  
59003.1887527685      3.892986e-01    2.839766e-02  
59003.2581879769      3.690197e-01    2.772356e-02  
59004.8536609722      3.529384e-01    2.464214e-02  
59005.3770180486      4.002954e-01    2.774711e-02  
59006.7080529248      3.223507e-01    2.583440e-02  
59007.9638067951      3.546586e-01    2.567676e-02  
59008.7034899363      2.989359e-01    1.952886e-02  
59010.0210618738      3.188361e-01    2.513229e-02  
59011.8251534792      3.241905e-01    2.716741e-02  
59012.6242470139      3.943194e-01    2.881085e-02  
59112.7922927384      1.279085e-01    1.303631e-02  
59114.3878908704      1.572423e-01    1.476980e-02  
59116.112004485      1.269018e-01    1.283280e-02  
59118.4378330845      1.579973e-01    2.284627e-02  
59120.2970208079      1.222399e-01    1.897132e-02  
59122.8541867442      1.556152e-01    1.363310e-02  
59124.8748610683      1.579289e-01    1.544026e-02  
59126.6367209028      1.249243e-01    9.129717e-03  
59129.791714941      1.419677e-01    1.003529e-02  
59132.052995816      1.123445e-01    9.389891e-03  
59135.8401729722      1.704974e-01    1.522295e-02  
59138.1593728519      1.420179e-01    1.162046e-02  
59141.8757996134      1.469795e-01    1.020769e-02  
59144.4736613831      1.594888e-01    1.515946e-02  
59147.6903685243      1.520541e-01    9.417770e-03  
59150.6067517176      1.300653e-01    1.164911e-02  
59153.6959692743      2.617543e-01    1.567179e-02  
59156.1176477187      2.765118e-01    1.355283e-02  
59162.9299540509      2.437927e-01    2.170504e-02  
59165.2803892199      2.657693e-01    1.451288e-02  
59168.6456045579      2.488866e-01    5.351575e-02  
59172.9494649537      2.193339e-01    1.643438e-02  
59176.0656585984      1.403468e-01    1.325573e-02  
59180.7863882106      1.114429e-01    1.431868e-02  
59184.8371101458      1.680178e-01    2.194266e-02  
59196.5125349201      2.086347e-01    1.595038e-02  
59204.8183254676      2.280172e-01    1.827476e-02  
59208.7302800417      1.938525e-01    1.615797e-02  
59217.7240391921      3.736421e-01    2.174452e-02  
59220.4800772917      3.060127e-01    1.803791e-02  
59224.6574070718      2.565604e-01    1.539919e-02  
59229.7678327546      2.915148e-01    2.254519e-02  
59235.912163669      2.487050e-01    1.683542e-02  
59239.3992819097      1.882883e-01    1.814302e-02  
59244.7059992245      3.191642e-01    2.307217e-02  
59248.2235229398      2.561346e-01    1.606372e-02  
59249.2878592477      2.681027e-01    2.464617e-02  
59251.5468239352      2.425807e-01    1.502358e-02  
59258.2602998264      2.400642e-01    1.599633e-02  
59267.7469216319      2.028625e-01    1.717094e-02  
59272.9558228472      2.495610e-01    1.677286e-02  
59275.4714797569      2.588682e-01    1.692521e-02  

