# tmin_mjd tmax_mjd luminosity luminosity_err
5.95195e+04 5.95310e+04 3.78911e+44 4.20676e+30
5.95310e+04 5.95425e+04 3.79446e+43 4.21269e+29
5.95425e+04 5.95540e+04 3.57478e+45 3.96880e+31
5.95540e+04 5.95655e+04 2.29174e+38 2.54435e+24
5.95655e+04 5.95770e+04 4.30244e+44 4.77666e+30
5.95770e+04 5.95885e+04 7.46553e+44 8.28840e+30
5.95885e+04 5.96000e+04 4.87610e+45 5.41356e+31
5.96000e+04 5.96115e+04 1.56317e+45 1.73546e+31
5.96115e+04 5.96230e+04 8.10024e+38 8.99307e+24
5.96230e+04 5.96345e+04 1.25872e+34 1.39746e+20
5.96345e+04 5.96460e+04 1.16129e+41 1.28929e+27
5.96460e+04 5.96575e+04 6.62937e+45 7.36008e+31
5.96575e+04 5.96690e+04 8.77717e+44 9.74462e+30
5.96690e+04 5.96805e+04 3.00470e+45 3.33589e+31
5.96805e+04 5.96920e+04 4.99930e+45 5.55034e+31
5.96920e+04 5.97035e+04 8.60754e+44 9.55629e+30
5.97035e+04 5.97150e+04 2.89154e+44 3.21026e+30
5.97150e+04 5.97265e+04 9.25129e+38 1.02710e+25
5.97265e+04 5.97380e+04 3.12888e+45 3.47376e+31
5.97380e+04 5.97495e+04 9.18648e+44 1.01990e+31
